51.376878 35.659892
51.311022 35.687649
51.337373 35.702665
51.374564 35.781996
51.524148 35.724546
51.370152 35.772008
51.353594 35.755093
51.362354 35.763125
51.390852 35.701145
51.336167 35.769485
51.662508 32.622378
51.378486 35.696725
51.416327 35.791163
54.432408 36.841635
51.418236 35.798585
51.421709 35.804973
50.937905 35.826621
51.669156 32.657789
51.602756 32.678059
51.428866 35.806742
51.434859 35.792534
51.004571 35.861088
51.409476 35.757398
51.490639 35.71471
59.561581 36.33843
51.373463 35.651962
51.432567 35.780847
51.401159 35.77759
51.426728 35.778344
51.439396 35.596822
48.693265 31.322184
59.622497 36.381449
50.858135 35.021637
51.351685 35.700243
51.362298 35.657652
50.875983 34.626289
51.396163 35.701048
51.534307 35.743022
51.285652 35.701645
46.316225 38.103124
51.331563 35.652158
52.544064 29.612374
