51.37653444451516 35.65997642620769
51.37687366828021 35.65988495547106
51.312000919206326 35.689644605531825
51.3122461178279 35.68963201995227
51.31179902998866 35.69007371570527
51.31176661094639 35.689895383124366
51.31205901837458 35.68964072523681
51.311799295828024 35.68965044997863
51.31210584019115 35.68991833569663
51.33700288497357 35.70219961073323
51.31189429963271 35.68985539374685
51.31209363126061 35.689764454309994
51.374567203293736 35.7819778932261
51.52309304947718 35.723894130840335
51.37430139757589 35.781866990818926
51.3373290122081 35.70216004648155
51.31204922467214 35.68972146538432
51.37474211316072 35.78208292553012
51.337120040496444 35.702096717728665
51.524162061975744 35.72454130747113
51.33709234360532 35.701300045542055
51.31193483351964 35.68986421492569
51.31215591049701 35.68984496251517
51.37015177040914 35.772001661863214
51.33744651167922 35.70324942857869
51.37456306726304 35.78185530939939
51.37478268861648 35.78252238863229
51.337069058804786 35.70279268052211
51.31194757251143 35.68991778147124
51.37464026785116 35.78220883725476
51.337579154276284 35.70198782890024
51.35358815114333 35.755106302640286
51.353376618864615 35.755019671962415
51.35357996541677 35.75529541763653
51.33590759762458 35.70154082777162
51.33573451102666 35.70170528756748
51.353698396259745 35.755083197327934
51.334952484628815 35.70101867793609
51.33726022716169 35.703096267434134
51.336833314177966 35.70174941513349
51.36234111044311 35.763049215308925
51.36247773560973 35.763642361401935
51.36229241918198 35.76267452068139
51.36250061215728 35.76251512769505
51.36134565969817 35.76210197976303
51.39169994401374 35.70119307235923
51.33727265137611 35.769636508619726
51.39125891160688 35.7012442931977
51.39064120902674 35.70119042381651
51.3908333177103 35.701074031051036
51.39155995630347 35.70100626316645
51.336948323330205 35.76952225865091
51.39090035597732 35.700722676596314
51.3911048293065 35.70154075082729
51.33698427310691 35.77055075141385
51.391066149421675 35.70171049272925
51.391413770842064 35.70125494041342
51.33677337810457 35.76943746261519
51.390985156223934 35.70211938311847
51.33673729949754 35.769930150169984
51.39034898987683 35.70111123205231
51.33641326406658 35.76941501425571
51.390063039690205 35.70103608464386
51.33622664495135 35.76957136039941
51.39109547506217 35.70050931707188
51.33613109974635 35.76924403372668
51.33715952936811 35.76938330096621
51.33724990123338 35.769105002485574
51.33629105898876 35.76994523623773
51.391003213785154 35.70061755642551
51.3118326282472 35.68977460823774
51.336646947654 35.77079433149147
51.33749225368416 35.77003456599897
51.39117163591206 35.70035061999515
51.336059642920674 35.77015338570138
51.33553365125832 35.77015595797431
51.39102846745331 35.70123169785067
51.391430422862186 35.70118927234694
51.39070514460366 35.70119081350275
51.390867192542316 35.7007288666053
51.391068355265276 35.7018965031576
51.66416013824883 32.622895853143106
51.66259243176114 32.62233481143156
51.389902516325606 35.701002889724236
51.66207537290461 32.622387729769926
51.39107952296931 35.70056967043867
51.66126445937016 32.62262753945967
51.66417789526892 32.62128732021441
51.39074845341321 35.700899255679616
51.391627613578294 35.70120295514944
51.389718882000864 35.7009746039075
51.391875542625854 35.701161980997796
51.3908066477282 35.700794744656605
51.37824452733639 35.69717986867681
51.37874799626661 35.69671848732372
51.37796849410745 35.696679919235336
51.37838707232561 35.69701675469079
51.378377928920855 35.69629057244761
51.37839570771402 35.69610485722838
51.37820868414042 35.69664274848576
51.378522404136675 35.69732488561013
51.3784627600491 35.697720147245576
51.389579906942515 35.70098546858539
51.37822787897008 35.697631865220785
51.378468501292616 35.696491990802414
51.41628042034557 35.79085282546269
54.43206623726235 36.84171937275816
51.41839304922286 35.79885798697522
51.418237328563436 35.798483661890515
51.4217065111589 35.80490759739746
54.43244481517968 36.84191006159678
50.93821815677606 35.825846530029835
51.416550047073684 35.791427390173155
51.42193459339964 35.804989528167965
51.66913801704672 32.65778955544651
51.60271150488654 32.67852617589763
54.432456278927674 36.84158301795324
50.93843835243112 35.82565103042538
51.41587865463043 35.79015137261605
51.41813171092278 35.798505384595146
51.42151648594796 35.80456850695897
54.4325718661249 36.8414490382264
50.93796688304292 35.82646418743265
50.937946614212706 35.82636023373077
50.938082481186285 35.82657300345441
51.416046273722685 35.790735546579256
51.42168349469654 35.80481055461311
51.60275727601447 32.67815639003091
50.93808002774827 35.82669775999217
51.41698387588218 35.79094477179025
51.41820607811994 35.798717768062104
51.42134147290537 35.8048840811326
51.42904744900241 35.80678375941851
51.60264182385734 32.67806219592782
51.602243914023546 32.67783421315936
51.41657284072923 35.792303854848655
51.421941446348086 35.80516413252256
51.42852705627385 35.80667585413711
51.41602338946879 35.79070876247276
51.41798368430872 35.79849793615729
51.42177849272687 35.80501610598374
51.42149709055113 35.80486946398349
51.4292940009357 35.80697644590302
51.41649681263965 35.791790776518624
51.41790085367725 35.7980634176799
51.42210363457306 35.80526476310757
51.42904623046121 35.80661335876225
51.41638224651231 35.791320071653104
51.41819675983723 35.79845480945298
51.42934454966766 35.80721122557975
51.41643773448649 35.79145327965402
51.417814574170706 35.79783675949581
51.42955326920551 35.80719564239129
51.41816556363355 35.798365677781206
51.4293769440869 35.80656415402514
51.41821615029909 35.79880114357742
51.42961470466099 35.806412696779276
51.41613695237314 35.79027319496143
51.4289231998045 35.80723996717896
51.429264427174985 35.80657842803609
51.418285694147414 35.798630749052734
51.41849263372205 35.79906125150288
51.390922518537565 35.70121119114711
51.434858169886894 35.79248275597412
51.434666429347374 35.793627859966975
51.43521247647655 35.79379236118625
51.4353204122516 35.79284510539003
51.435649874088455 35.79247599457008
51.435456364441876 35.793320617545916
51.43579313090103 35.793265160785324
51.43489400202276 35.79231605635101
51.43526540720666 35.79323080747308
51.43498222760908 35.79184191081946
51.43551508971723 35.79367320860693
51.434809814195205 35.792697223844726
51.43518528486928 35.79263832863995
51.43595169678696 35.79379543689697
51.43480597770912 35.79189334903592
51.43494312846795 35.79208960641489
51.00473950346216 35.860637373674706
51.410428119815634 35.75770962937014
51.49081007705155 35.71480562756227
51.49030865874076 35.714454480316036
59.560949822732 36.338263827180555
51.410098607402404 35.757919804754835
51.49030629125963 35.714448020739326
59.56094473150472 36.33792248029984
59.56120368726508 36.338019575745335
51.40960581884758 35.758160858701686
59.5602895884347 36.33804643275262
51.004622600870505 35.86099660133999
51.40997115387489 35.75843012822688
51.37358245332052 35.65198852154603
51.409635020887066 35.75845693538817
51.3736323011652 35.6522298325863
51.40987508660416 35.7580633616184
51.37413942729509 35.65228164219995
51.49082299841197 35.71481551199197
51.490340748416 35.71444174643483
51.373079701829454 35.65123206260205
51.49050878748449 35.7149749111493
51.37270100401929 35.6511814569303
51.49085933556901 35.71481634408295
51.49082467216823 35.71480880282756
51.4093962735254 35.7603003511053
51.41076218413005 35.75762204553989
51.00458861178885 35.86135056453578
51.40951264059581 35.75895081952527
51.40944607792747 35.759523022541
51.41111977909756 35.75771331550686
51.411545860634476 35.757745746729896
51.41117601080188 35.75741816226211
51.40935393281947 35.759918432643474
51.49052320164151 35.714941694119716
51.40991290356416 35.757117303603266
51.411019927619435 35.75749248024182
51.39136118007855 35.70124088998895
51.39110648457918 35.701473248420754
51.391089757296015 35.70123828928425
51.431905322948296 35.78051305439929
51.43242660417761 35.78072663691576
51.43259050840118 35.78096669161812
51.40123876253375 35.77759390971964
51.431209069280925 35.780042161247636
51.40108625117753 35.777565089495596
51.42674052186641 35.77830910905071
51.40115061106812 35.77758996682027
51.400519176099266 35.7778213010336
51.400922345707414 35.77799557518823
51.43312836948806 35.781378086619114
51.409714331769436 35.757862805271614
51.40964635606781 35.75721610344692
51.40954675493654 35.75767957640353
51.40952774959939 35.7574006317152
51.40900151022353 35.7574348599114
51.40950989480507 35.757127761523336
51.409985086074585 35.757129142679545
51.40937249073252 35.75701604553096
51.004725696758214 35.86065222048197
51.00438690850635 35.86176336454878
51.00479681269124 35.861225481071685
51.44005637817912 35.597618485196364
48.69224774301634 31.320644656456977
48.692553466973976 31.322670462521714
51.43943314397805 35.5969008328825
51.439354234476895 35.596744895384134
48.69285254946672 31.32333330540675
59.62196064224713 36.38182162684339
59.623020649212066 36.38244942767341
59.62218274724199 36.38263300094249
59.62065512710069 36.38084403058855
50.85761684501733 35.02038845487219
50.85841524106081 35.02293295555461
51.35256467835899 35.70012413746258
51.35168478460062 35.700243063186875
51.36229877854018 35.65772542994672
51.36233893863448 35.657516636445806
51.36169118129817 35.65770214092966
51.36290222400203 35.65758945429346
51.42871958099832 35.80672084654469
50.87543995161141 34.62542663187
51.42866340851458 35.80694117469291
50.87599887916605 34.62627187555998
51.42861591382811 35.8069381207051
51.428771330979345 35.80682828327703
51.39150425753135 35.70121446624505
51.41812638468812 35.798279111507625
51.41846173152405 35.79895954247759
51.39123141680324 35.70126419234805
51.41853514373753 35.799214404134005
51.39111852245287 35.7014366739032
51.39079119261649 35.70122979513289
51.41837099157374 35.79876328335554
51.41832104086836 35.79851111313238
51.396424121144406 35.70110976374143
51.39572667407248 35.70111932949024
51.39593585245942 35.70110223783699
51.535132031999495 35.74286303855983
51.3960940468865 35.70096919384166
51.39642193153509 35.700986565885486
51.534119947200026 35.74308721694432
51.28664161492139 35.701451181713466
51.66394263181414 32.62273082794924
51.28583269184807 35.70151914780587
51.66285307415956 32.62234852862872
51.66546993138854 32.62243718455056
51.28465606750484 35.701816362733155
51.396166789205154 35.70084739341017
46.31618221247433 38.1026897670466
46.31617100942074 38.101921956100995
46.316251691864494 38.10348832788921
46.31624279586873 38.10440097592914
51.33255675562111 35.651506353229124
51.33207916086326 35.6521235996446
52.543692039890686 29.61235494432988
52.54391804796785 29.612196136771786
52.544190896569745 29.612071465199918
51.332170229065724 35.65249093590309
51.33166147364406 35.65261580219676
51.33177180330438 35.65309967434898
